0,0,0,0
0,0,0,210
0.1,0.00014038,0.00014038,1.9353e+05
0.2,0.00028089,0.00028089,3.8711e+05
0.3,0.00042097,0.00042097,5.8012e+05
0.4,0.00056062,0.00056062,7.7252e+05
0.5,0.00069983,0.00069983,9.6433e+05
0.6,0.00083861,0.00083861,1.1555e+06
0.7,0.00097695,0.00097695,1.3462e+06
0.8,0.0011149,0.0011149,1.5362e+06
0.9,0.0012524,0.0012524,1.7256e+06
1,0.0013894,0.0013894,1.9144e+06
1.1,0.0015261,0.0015261,2.1027e+06
1.2,0.0016623,0.0016623,2.2904e+06
1.3,0.0017981,0.0017981,2.4775e+06
1.4,0.0019335,0.0019335,2.664e+06
1.5,0.0020684,0.0020684,2.85e+06
1.6,0.002203,0.002203,3.0354e+06
1.7,0.0023372,0.0023372,3.2202e+06
1.8,0.0024709,0.0024709,3.4045e+06
1.9,0.0026042,0.0026042,3.5882e+06
2,0.0027372,0.0027372,3.7714e+06
2.1,0.0028697,0.0028697,3.954e+06
2.2,0.0030019,0.0030019,4.1361e+06
2.3,0.0031336,0.0031336,4.3176e+06
2.4,0.003265,0.003265,4.4986e+06
2.5,0.003396,0.003396,4.6791e+06
2.6,0.0035266,0.0035266,4.859e+06
2.7,0.0036568,0.0036568,5.0384e+06
2.8,0.0037866,0.0037866,5.2173e+06
2.9,0.003916,0.003916,5.3956e+06
3,0.0040451,0.0040451,5.5734e+06
3.1,0.0041707,0.0041707,5.7465e+06
3.2,0.00429,0.00429,5.9108e+06
3.3,0.0044036,0.0044036,6.0673e+06
3.4,0.004512,0.004512,6.2167e+06
3.5,0.0046157,0.0046157,6.3596e+06
3.6,0.0047151,0.0047151,6.4966e+06
3.7,0.0048105,0.0048105,6.628e+06
3.8,0.0049023,0.0049023,6.7544e+06
3.9,0.0049906,0.0049906,6.8762e+06
4,0.0050758,0.0050758,6.9935e+06
4.1,0.005158,0.005158,7.1069e+06
4.2,0.0052375,0.0052375,7.2164e+06
4.3,0.0053145,0.0053145,7.3224e+06
4.4,0.005389,0.005389,7.4251e+06
4.5,0.0054613,0.0054613,7.5247e+06
4.6,0.0055314,0.0055314,7.6213e+06
4.7,0.0055996,0.0055996,7.7152e+06
4.8,0.0056658,0.0056658,7.8065e+06
4.9,0.0057303,0.0057303,7.8953e+06
5,0.0057931,0.0057931,7.9818e+06
5.1,0.0058542,0.0058542,8.066e+06
5.2,0.0059138,0.0059138,8.1482e+06
5.3,0.005972,0.005972,8.2283e+06
5.4,0.0060288,0.0060288,8.3066e+06
5.5,0.0060842,0.0060842,8.383e+06
5.6,0.0061385,0.0061385,8.4577e+06
5.7,0.0061914,0.0061914,8.5307e+06
5.8,0.0062433,0.0062433,8.6021e+06
5.9,0.006294,0.006294,8.672e+06
6,0.0063437,0.0063437,8.7405e+06
6.1,0.0063924,0.0063924,8.8075e+06
6.2,0.0064401,0.0064401,8.8733e+06
6.3,0.0064868,0.0064868,8.9377e+06
6.4,0.0065327,0.0065327,9.0009e+06
6.5,0.0065777,0.0065777,9.0629e+06
6.6,0.0066219,0.0066219,9.1237e+06
6.7,0.0066652,0.0066652,9.1835e+06
6.8,0.0067078,0.0067078,9.2421e+06
6.9,0.0067496,0.0067496,9.2998e+06
7,0.0067908,0.0067908,9.3564e+06
7.1,0.0068312,0.0068312,9.4121e+06
7.2,0.0068709,0.0068709,9.4669e+06
7.3,0.00691,0.00691,9.5207e+06
7.4,0.0069485,0.0069485,9.5737e+06
7.5,0.0069863,0.0069863,9.6259e+06
7.6,0.0070236,0.0070236,9.6772e+06
7.7,0.0070603,0.0070603,9.7278e+06
7.8,0.0070964,0.0070964,9.7776e+06
7.9,0.007132,0.007132,9.8266e+06
8,0.0071671,0.0071671,9.8749e+06
8.1,0.0072016,0.0072016,9.9225e+06
8.2,0.0072357,0.0072357,9.9695e+06
8.3,0.0072693,0.0072693,1.0016e+07
8.4,0.0073024,0.0073024,1.0061e+07
8.5,0.0073351,0.0073351,1.0106e+07
8.6,0.0073673,0.0073673,1.0151e+07
8.7,0.0073991,0.0073991,1.0195e+07
8.8,0.0074305,0.0074305,1.0238e+07
8.9,0.0074615,0.0074615,1.028e+07
9,0.007492,0.007492,1.0323e+07
9.1,0.0075222,0.0075222,1.0364e+07
9.2,0.007552,0.007552,1.0405e+07
9.3,0.0075815,0.0075815,1.0446e+07
9.4,0.0076105,0.0076105,1.0486e+07
9.5,0.0076393,0.0076393,1.0525e+07
9.6,0.0076677,0.0076677,1.0565e+07
9.7,0.0076957,0.0076957,1.0603e+07
9.8,0.0077234,0.0077234,1.0641e+07
9.9,0.0077508,0.0077508,1.0679e+07
10,0.0077779,0.0077779,1.0717e+07
10.1,0.0078047,0.0078047,1.0753e+07
10.2,0.0078312,0.0078312,1.079e+07
10.3,0.0078574,0.0078574,1.0826e+07
10.4,0.0078834,0.0078834,1.0862e+07
10.5,0.007909,0.007909,1.0897e+07
10.6,0.0079344,0.0079344,1.0932e+07
10.7,0.0079595,0.0079595,1.0967e+07
10.8,0.0079843,0.0079843,1.1001e+07
10.9,0.0080089,0.0080089,1.1035e+07
11,0.0080332,0.0080332,1.1068e+07
11.1,0.0080573,0.0080573,1.1101e+07
11.2,0.0080812,0.0080812,1.1134e+07
11.3,0.0081048,0.0081048,1.1167e+07
11.4,0.0081282,0.0081282,1.1199e+07
11.5,0.0081513,0.0081513,1.1231e+07
11.6,0.0081742,0.0081742,1.1263e+07
11.7,0.0081969,0.0081969,1.1294e+07
11.8,0.0082194,0.0082194,1.1325e+07
11.9,0.0082417,0.0082417,1.1356e+07
12,0.0082638,0.0082638,1.1386e+07
12.1,0.0082857,0.0082857,1.1416e+07
12.2,0.0083074,0.0083074,1.1446e+07
12.3,0.0083288,0.0083288,1.1476e+07
12.4,0.0083501,0.0083501,1.1505e+07
12.5,0.0083712,0.0083712,1.1534e+07
12.6,0.0083922,0.0083922,1.1563e+07
12.7,0.0084129,0.0084129,1.1591e+07
12.8,0.0084334,0.0084334,1.162e+07
12.9,0.0084538,0.0084538,1.1648e+07
13,0.008474,0.008474,1.1676e+07
13.1,0.0084941,0.0084941,1.1703e+07
13.2,0.0085139,0.0085139,1.1731e+07
13.3,0.0085337,0.0085337,1.1758e+07
13.4,0.0085532,0.0085532,1.1785e+07
13.5,0.0085726,0.0085726,1.1811e+07
13.6,0.0085918,0.0085918,1.1838e+07
13.7,0.0086109,0.0086109,1.1864e+07
13.8,0.0086298,0.0086298,1.189e+07
13.9,0.0086486,0.0086486,1.1916e+07
14,0.0086672,0.0086672,1.1942e+07
14.1,0.0086857,0.0086857,1.1967e+07
14.2,0.0087041,0.0087041,1.1993e+07
14.3,0.0087223,0.0087223,1.2018e+07
14.4,0.0087403,0.0087403,1.2043e+07
14.5,0.0087583,0.0087583,1.2067e+07
14.6,0.008776,0.008776,1.2092e+07
14.7,0.0087937,0.0087937,1.2116e+07
14.8,0.0088112,0.0088112,1.214e+07
14.9,0.0088287,0.0088287,1.2164e+07
15,0.0088459,0.0088459,1.2188e+07
15.1,0.0088631,0.0088631,1.2212e+07
15.2,0.0088801,0.0088801,1.2235e+07
15.3,0.008897,0.008897,1.2258e+07
15.4,0.0089138,0.0089138,1.2282e+07
15.5,0.0089305,0.0089305,1.2305e+07
15.6,0.0089471,0.0089471,1.2327e+07
15.7,0.0089635,0.0089635,1.235e+07
15.8,0.0089798,0.0089798,1.2373e+07
15.9,0.0089961,0.0089961,1.2395e+07
16,0.0090122,0.0090122,1.2417e+07
16.1,0.0090282,0.0090282,1.2439e+07
16.2,0.0090441,0.0090441,1.2461e+07
16.3,0.0090599,0.0090599,1.2483e+07
16.4,0.0090756,0.0090756,1.2504e+07
16.5,0.0090911,0.0090911,1.2526e+07
16.6,0.0091066,0.0091066,1.2547e+07
16.7,0.009122,0.009122,1.2568e+07
16.8,0.0091373,0.0091373,1.2589e+07
16.9,0.0091525,0.0091525,1.261e+07
17,0.0091676,0.0091676,1.2631e+07
17.1,0.0091826,0.0091826,1.2652e+07
17.2,0.0091975,0.0091975,1.2672e+07
17.3,0.0092123,0.0092123,1.2693e+07
17.4,0.009227,0.009227,1.2713e+07
17.5,0.0092416,0.0092416,1.2733e+07
17.6,0.0092562,0.0092562,1.2753e+07
17.7,0.0092706,0.0092706,1.2773e+07
17.8,0.009285,0.009285,1.2793e+07
17.9,0.0092993,0.0092993,1.2813e+07
18,0.0093135,0.0093135,1.2832e+07
18.1,0.0093276,0.0093276,1.2852e+07
18.2,0.0093416,0.0093416,1.2871e+07
18.3,0.0093556,0.0093556,1.289e+07
18.4,0.0093694,0.0093694,1.2909e+07
18.5,0.0093832,0.0093832,1.2928e+07
18.6,0.0093969,0.0093969,1.2947e+07
18.7,0.0094105,0.0094105,1.2966e+07
18.8,0.0094241,0.0094241,1.2985e+07
18.9,0.0094376,0.0094376,1.3003e+07
19,0.0094509,0.0094509,1.3022e+07
19.1,0.0094643,0.0094643,1.304e+07
19.2,0.0094775,0.0094775,1.3058e+07
19.3,0.0094907,0.0094907,1.3076e+07
19.4,0.0095038,0.0095038,1.3094e+07
19.5,0.0095168,0.0095168,1.3112e+07
19.6,0.0095298,0.0095298,1.313e+07
19.7,0.0095427,0.0095427,1.3148e+07
19.8,0.0095555,0.0095555,1.3166e+07
19.9,0.0095682,0.0095682,1.3183e+07
20,0.0095809,0.0095809,1.3201e+07
20.1,0.0095935,0.0095935,1.3218e+07
20.2,0.0096061,0.0096061,1.3235e+07
20.3,0.0096186,0.0096186,1.3253e+07
20.4,0.009631,0.009631,1.327e+07
20.5,0.0096434,0.0096434,1.3287e+07
20.6,0.0096557,0.0096557,1.3304e+07
20.7,0.0096679,0.0096679,1.3321e+07
20.8,0.00968,0.00968,1.3337e+07
20.9,0.0096922,0.0096922,1.3354e+07
21,0.0097042,0.0097042,1.3371e+07
21.1,0.0097162,0.0097162,1.3387e+07
21.2,0.0097281,0.0097281,1.3403e+07
21.3,0.00974,0.00974,1.342e+07
21.4,0.0097518,0.0097518,1.3436e+07
21.5,0.0097635,0.0097635,1.3452e+07
21.6,0.0097752,0.0097752,1.3468e+07
21.7,0.0097868,0.0097868,1.3484e+07
21.8,0.0097984,0.0097984,1.35e+07
21.9,0.0098099,0.0098099,1.3516e+07
22,0.0098214,0.0098214,1.3532e+07
22.1,0.0098328,0.0098328,1.3548e+07
22.2,0.0098442,0.0098442,1.3563e+07
22.3,0.0098555,0.0098555,1.3579e+07
22.4,0.0098667,0.0098667,1.3594e+07
22.5,0.0098779,0.0098779,1.361e+07
22.6,0.0098891,0.0098891,1.3625e+07
22.7,0.0099001,0.0099001,1.3641e+07
22.8,0.0099112,0.0099112,1.3656e+07
22.9,0.0099222,0.0099222,1.3671e+07
23,0.0099331,0.0099331,1.3686e+07
23.1,0.009944,0.009944,1.3701e+07
23.2,0.0099548,0.0099548,1.3716e+07
23.3,0.0099656,0.0099656,1.3731e+07
23.4,0.0099764,0.0099764,1.3746e+07
23.5,0.0099871,0.0099871,1.376e+07
23.6,0.0099977,0.0099977,1.3775e+07
23.7,0.010008,0.010008,1.379e+07
23.8,0.010019,0.010019,1.3804e+07
23.9,0.010029,0.010029,1.3819e+07
24,0.01004,0.01004,1.3833e+07
24.1,0.01005,0.01005,1.3847e+07
24.2,0.010061,0.010061,1.3862e+07
24.3,0.010071,0.010071,1.3876e+07
24.4,0.010081,0.010081,1.389e+07
24.5,0.010091,0.010091,1.3904e+07
24.6,0.010102,0.010102,1.3918e+07
24.7,0.010112,0.010112,1.3932e+07
24.8,0.010122,0.010122,1.3946e+07
24.9,0.010132,0.010132,1.396e+07
25,0.010142,0.010142,1.3974e+07
25.1,0.010152,0.010152,1.3987e+07
25.2,0.010162,0.010162,1.4001e+07
25.3,0.010172,0.010172,1.4015e+07
25.4,0.010182,0.010182,1.4028e+07
25.5,0.010191,0.010191,1.4042e+07
25.6,0.010201,0.010201,1.4055e+07
25.7,0.010211,0.010211,1.4069e+07
25.8,0.010221,0.010221,1.4082e+07
25.9,0.01023,0.01023,1.4095e+07
26,0.01024,0.01024,1.4109e+07
26.1,0.010249,0.010249,1.4122e+07
26.2,0.010259,0.010259,1.4135e+07
26.3,0.010269,0.010269,1.4148e+07
26.4,0.010278,0.010278,1.4161e+07
26.5,0.010287,0.010287,1.4174e+07
26.6,0.010297,0.010297,1.4187e+07
26.7,0.010306,0.010306,1.42e+07
26.8,0.010315,0.010315,1.4213e+07
26.9,0.010325,0.010325,1.4226e+07
27,0.010334,0.010334,1.4238e+07
27.1,0.010343,0.010343,1.4251e+07
27.2,0.010352,0.010352,1.4264e+07
27.3,0.010362,0.010362,1.4276e+07
27.4,0.010371,0.010371,1.4289e+07
27.5,0.01038,0.01038,1.4301e+07
27.6,0.010389,0.010389,1.4314e+07
27.7,0.010398,0.010398,1.4326e+07
27.8,0.010407,0.010407,1.4338e+07
27.9,0.010416,0.010416,1.4351e+07
28,0.010425,0.010425,1.4363e+07
28.1,0.010433,0.010433,1.4375e+07
28.2,0.010442,0.010442,1.4387e+07
28.3,0.010451,0.010451,1.4399e+07
28.4,0.01046,0.01046,1.4412e+07
28.5,0.010469,0.010469,1.4424e+07
28.6,0.010477,0.010477,1.4436e+07
28.7,0.010486,0.010486,1.4448e+07
28.8,0.010495,0.010495,1.4459e+07
28.9,0.010503,0.010503,1.4471e+07
29,0.010512,0.010512,1.4483e+07
29.1,0.01052,0.01052,1.4495e+07
29.2,0.010529,0.010529,1.4507e+07
29.3,0.010537,0.010537,1.4518e+07
29.4,0.010546,0.010546,1.453e+07
29.5,0.010554,0.010554,1.4542e+07
29.6,0.010563,0.010563,1.4553e+07
29.7,0.010571,0.010571,1.4565e+07
29.8,0.010579,0.010579,1.4576e+07
29.9,0.010588,0.010588,1.4588e+07
30,0.010596,0.010596,1.4599e+07
30.1,0.010604,0.010604,1.461e+07
30.2,0.010612,0.010612,1.4622e+07
30.3,0.01062,0.01062,1.4633e+07
30.4,0.010629,0.010629,1.4644e+07
30.5,0.010637,0.010637,1.4655e+07
30.6,0.010645,0.010645,1.4667e+07
30.7,0.010653,0.010653,1.4678e+07
30.8,0.010661,0.010661,1.4689e+07
30.9,0.010669,0.010669,1.47e+07
31,0.010677,0.010677,1.4711e+07
31.1,0.010685,0.010685,1.4722e+07
31.2,0.010693,0.010693,1.4733e+07
31.3,0.010701,0.010701,1.4744e+07
31.4,0.010709,0.010709,1.4755e+07
31.5,0.010717,0.010717,1.4766e+07
31.6,0.010725,0.010725,1.4776e+07
31.7,0.010732,0.010732,1.4787e+07
31.8,0.01074,0.01074,1.4798e+07
31.9,0.010748,0.010748,1.4809e+07
32,0.010756,0.010756,1.4819e+07
32.1,0.010763,0.010763,1.483e+07
32.2,0.010771,0.010771,1.484e+07
32.3,0.010779,0.010779,1.4851e+07
32.4,0.010786,0.010786,1.4862e+07
32.5,0.010794,0.010794,1.4872e+07
32.6,0.010802,0.010802,1.4883e+07
32.7,0.010809,0.010809,1.4893e+07
32.8,0.010817,0.010817,1.4903e+07
32.9,0.010824,0.010824,1.4914e+07
33,0.010832,0.010832,1.4924e+07
33.1,0.010839,0.010839,1.4934e+07
33.2,0.010847,0.010847,1.4945e+07
33.3,0.010854,0.010854,1.4955e+07
33.4,0.010862,0.010862,1.4965e+07
33.5,0.010869,0.010869,1.4975e+07
33.6,0.010876,0.010876,1.4985e+07
33.7,0.010884,0.010884,1.4996e+07
33.8,0.010891,0.010891,1.5006e+07
33.9,0.010898,0.010898,1.5016e+07
34,0.010905,0.010905,1.5026e+07
34.1,0.010913,0.010913,1.5036e+07
34.2,0.01092,0.01092,1.5046e+07
34.3,0.010927,0.010927,1.5056e+07
34.4,0.010934,0.010934,1.5065e+07
34.5,0.010941,0.010941,1.5075e+07
34.6,0.010949,0.010949,1.5085e+07
34.7,0.010956,0.010956,1.5095e+07
34.8,0.010963,0.010963,1.5105e+07
34.9,0.01097,0.01097,1.5114e+07
35,0.010977,0.010977,1.5124e+07
35.1,0.010984,0.010984,1.5134e+07
35.2,0.010991,0.010991,1.5144e+07
35.3,0.010998,0.010998,1.5153e+07
35.4,0.011005,0.011005,1.5163e+07
35.5,0.011012,0.011012,1.5172e+07
35.6,0.011019,0.011019,1.5182e+07
35.7,0.011026,0.011026,1.5191e+07
35.8,0.011033,0.011033,1.5201e+07
35.9,0.01104,0.01104,1.521e+07
36,0.011046,0.011046,1.522e+07
36.1,0.011053,0.011053,1.5229e+07
36.2,0.01106,0.01106,1.5239e+07
36.3,0.011067,0.011067,1.5248e+07
36.4,0.011074,0.011074,1.5257e+07
36.5,0.01108,0.01108,1.5267e+07
36.6,0.011087,0.011087,1.5276e+07
36.7,0.011094,0.011094,1.5285e+07
36.8,0.011101,0.011101,1.5294e+07
36.9,0.011107,0.011107,1.5304e+07
37,0.011114,0.011114,1.5313e+07
37.1,0.011121,0.011121,1.5322e+07
37.2,0.011127,0.011127,1.5331e+07
37.3,0.011134,0.011134,1.534e+07
37.4,0.01114,0.01114,1.5349e+07
37.5,0.011147,0.011147,1.5358e+07
37.6,0.011153,0.011153,1.5367e+07
37.7,0.01116,0.01116,1.5376e+07
37.8,0.011167,0.011167,1.5385e+07
37.9,0.011173,0.011173,1.5394e+07
38,0.011179,0.011179,1.5403e+07
38.1,0.011186,0.011186,1.5412e+07
38.2,0.011192,0.011192,1.5421e+07
38.3,0.011199,0.011199,1.543e+07
38.4,0.011205,0.011205,1.5439e+07
38.5,0.011212,0.011212,1.5447e+07
38.6,0.011218,0.011218,1.5456e+07
38.7,0.011224,0.011224,1.5465e+07
38.8,0.011231,0.011231,1.5474e+07
38.9,0.011237,0.011237,1.5482e+07
39,0.011243,0.011243,1.5491e+07
39.1,0.01125,0.01125,1.55e+07
39.2,0.011256,0.011256,1.5508e+07
39.3,0.011262,0.011262,1.5517e+07
39.4,0.011268,0.011268,1.5526e+07
39.5,0.011275,0.011275,1.5534e+07
39.6,0.011281,0.011281,1.5543e+07
39.7,0.011287,0.011287,1.5551e+07
39.8,0.011293,0.011293,1.556e+07
39.9,0.011299,0.011299,1.5568e+07
40,0.011306,0.011306,1.5577e+07
40.1,0.011312,0.011312,1.5585e+07
40.2,0.011318,0.011318,1.5594e+07
40.3,0.011324,0.011324,1.5602e+07
40.4,0.01133,0.01133,1.5611e+07
40.5,0.011336,0.011336,1.5619e+07
40.6,0.011342,0.011342,1.5627e+07
40.7,0.011348,0.011348,1.5636e+07
40.8,0.011354,0.011354,1.5644e+07
40.9,0.01136,0.01136,1.5652e+07
41,0.011366,0.011366,1.566e+07
41.1,0.011372,0.011372,1.5669e+07
41.2,0.011378,0.011378,1.5677e+07
41.3,0.011384,0.011384,1.5685e+07
41.4,0.01139,0.01139,1.5693e+07
41.5,0.011396,0.011396,1.5701e+07
41.6,0.011402,0.011402,1.5709e+07
41.7,0.011408,0.011408,1.5718e+07
41.8,0.011414,0.011414,1.5726e+07
41.9,0.011419,0.011419,1.5734e+07
42,0.011425,0.011425,1.5742e+07
42.1,0.011431,0.011431,1.575e+07
42.2,0.011437,0.011437,1.5758e+07
42.3,0.011443,0.011443,1.5766e+07
42.4,0.011448,0.011448,1.5774e+07
42.5,0.011454,0.011454,1.5782e+07
42.6,0.01146,0.01146,1.579e+07
42.7,0.011466,0.011466,1.5798e+07
42.8,0.011471,0.011471,1.5806e+07
42.9,0.011477,0.011477,1.5813e+07
43,0.011483,0.011483,1.5821e+07
43.1,0.011489,0.011489,1.5829e+07
43.2,0.011494,0.011494,1.5837e+07
43.3,0.0115,0.0115,1.5845e+07
43.4,0.011506,0.011506,1.5853e+07
43.5,0.011511,0.011511,1.586e+07
43.6,0.011517,0.011517,1.5868e+07
43.7,0.011522,0.011522,1.5876e+07
43.8,0.011528,0.011528,1.5883e+07
43.9,0.011534,0.011534,1.5891e+07
44,0.011539,0.011539,1.5899e+07
44.1,0.011545,0.011545,1.5907e+07
44.2,0.01155,0.01155,1.5914e+07
44.3,0.011556,0.011556,1.5922e+07
44.4,0.011561,0.011561,1.5929e+07
44.5,0.011567,0.011567,1.5937e+07
44.6,0.011572,0.011572,1.5945e+07
44.7,0.011578,0.011578,1.5952e+07
44.8,0.011583,0.011583,1.596e+07
44.9,0.011589,0.011589,1.5967e+07
45,0.011594,0.011594,1.5975e+07
45.1,0.0116,0.0116,1.5982e+07
45.2,0.011605,0.011605,1.599e+07
45.3,0.011611,0.011611,1.5997e+07
45.4,0.011616,0.011616,1.6005e+07
45.5,0.011621,0.011621,1.6012e+07
45.6,0.011627,0.011627,1.6019e+07
45.7,0.011632,0.011632,1.6027e+07
45.8,0.011637,0.011637,1.6034e+07
45.9,0.011643,0.011643,1.6041e+07
46,0.011648,0.011648,1.6049e+07
46.1,0.011653,0.011653,1.6056e+07
46.2,0.011659,0.011659,1.6063e+07
46.3,0.011664,0.011664,1.6071e+07
46.4,0.011669,0.011669,1.6078e+07
46.5,0.011674,0.011674,1.6085e+07
46.6,0.01168,0.01168,1.6092e+07
46.7,0.011685,0.011685,1.61e+07
46.8,0.01169,0.01169,1.6107e+07
46.9,0.011695,0.011695,1.6114e+07
47,0.011701,0.011701,1.6121e+07
47.1,0.011706,0.011706,1.6128e+07
47.2,0.011711,0.011711,1.6136e+07
47.3,0.011716,0.011716,1.6143e+07
47.4,0.011721,0.011721,1.615e+07
47.5,0.011726,0.011726,1.6157e+07
47.6,0.011732,0.011732,1.6164e+07
47.7,0.011737,0.011737,1.6171e+07
47.8,0.011742,0.011742,1.6178e+07
47.9,0.011747,0.011747,1.6185e+07
48,0.011752,0.011752,1.6192e+07
48.1,0.011757,0.011757,1.6199e+07
48.2,0.011762,0.011762,1.6206e+07
48.3,0.011767,0.011767,1.6213e+07
48.4,0.011772,0.011772,1.622e+07
48.5,0.011777,0.011777,1.6227e+07
48.6,0.011782,0.011782,1.6234e+07
48.7,0.011787,0.011787,1.6241e+07
48.8,0.011792,0.011792,1.6248e+07
48.9,0.011797,0.011797,1.6255e+07
49,0.011802,0.011802,1.6262e+07
49.1,0.011807,0.011807,1.6268e+07
49.2,0.011812,0.011812,1.6275e+07
49.3,0.011817,0.011817,1.6282e+07
49.4,0.011822,0.011822,1.6289e+07
49.5,0.011827,0.011827,1.6296e+07
49.6,0.011832,0.011832,1.6302e+07
49.7,0.011837,0.011837,1.6309e+07
49.8,0.011842,0.011842,1.6316e+07
49.9,0.011847,0.011847,1.6323e+07
50,0.011852,0.011852,1.6329e+07
50.1,0.011857,0.011857,1.6336e+07
50.2,0.011862,0.011862,1.6343e+07
50.3,0.011866,0.011866,1.635e+07
50.4,0.011871,0.011871,1.6356e+07
50.5,0.011876,0.011876,1.6363e+07
50.6,0.011881,0.011881,1.637e+07
50.7,0.011886,0.011886,1.6376e+07
50.8,0.011891,0.011891,1.6383e+07
50.9,0.011895,0.011895,1.6389e+07
51,0.0119,0.0119,1.6396e+07
51.1,0.011905,0.011905,1.6403e+07
51.2,0.01191,0.01191,1.6409e+07
51.3,0.011914,0.011914,1.6416e+07
51.4,0.011919,0.011919,1.6422e+07
51.5,0.011924,0.011924,1.6429e+07
51.6,0.011929,0.011929,1.6435e+07
51.7,0.011933,0.011933,1.6442e+07
51.8,0.011938,0.011938,1.6448e+07
51.9,0.011943,0.011943,1.6455e+07
52,0.011947,0.011947,1.6461e+07
52.1,0.011952,0.011952,1.6468e+07
52.2,0.011957,0.011957,1.6474e+07
52.3,0.011961,0.011961,1.6481e+07
52.4,0.011966,0.011966,1.6487e+07
52.5,0.011971,0.011971,1.6493e+07
52.6,0.011975,0.011975,1.65e+07
52.7,0.01198,0.01198,1.6506e+07
52.8,0.011985,0.011985,1.6513e+07
52.9,0.011989,0.011989,1.6519e+07
53,0.011994,0.011994,1.6525e+07
53.1,0.011999,0.011999,1.6532e+07
53.2,0.012003,0.012003,1.6538e+07
53.3,0.012008,0.012008,1.6544e+07
53.4,0.012012,0.012012,1.6551e+07
53.5,0.012017,0.012017,1.6557e+07
53.6,0.012021,0.012021,1.6563e+07
53.7,0.012026,0.012026,1.6569e+07
53.8,0.01203,0.01203,1.6576e+07
53.9,0.012035,0.012035,1.6582e+07
54,0.012039,0.012039,1.6588e+07
54.1,0.012044,0.012044,1.6594e+07
54.2,0.012048,0.012048,1.6601e+07
54.3,0.012053,0.012053,1.6607e+07
54.4,0.012057,0.012057,1.6613e+07
54.5,0.012062,0.012062,1.6619e+07
54.6,0.012066,0.012066,1.6625e+07
54.7,0.012071,0.012071,1.6631e+07
54.8,0.012075,0.012075,1.6637e+07
54.9,0.01208,0.01208,1.6644e+07
55,0.012084,0.012084,1.665e+07
55.1,0.012089,0.012089,1.6656e+07
55.2,0.012093,0.012093,1.6662e+07
55.3,0.012097,0.012097,1.6668e+07
55.4,0.012102,0.012102,1.6674e+07
55.5,0.012106,0.012106,1.668e+07
55.6,0.012111,0.012111,1.6686e+07
55.7,0.012115,0.012115,1.6692e+07
55.8,0.012119,0.012119,1.6698e+07
55.9,0.012124,0.012124,1.6704e+07
56,0.012128,0.012128,1.671e+07
56.1,0.012132,0.012132,1.6716e+07
56.2,0.012137,0.012137,1.6722e+07
56.3,0.012141,0.012141,1.6728e+07
56.4,0.012145,0.012145,1.6734e+07
56.5,0.01215,0.01215,1.674e+07
56.6,0.012154,0.012154,1.6746e+07
56.7,0.012158,0.012158,1.6752e+07
56.8,0.012163,0.012163,1.6758e+07
56.9,0.012167,0.012167,1.6764e+07
57,0.012171,0.012171,1.677e+07
57.1,0.012175,0.012175,1.6775e+07
57.2,0.01218,0.01218,1.6781e+07
57.3,0.012184,0.012184,1.6787e+07
57.4,0.012188,0.012188,1.6793e+07
57.5,0.012192,0.012192,1.6799e+07
57.6,0.012197,0.012197,1.6805e+07
57.7,0.012201,0.012201,1.681e+07
57.8,0.012205,0.012205,1.6816e+07
57.9,0.012209,0.012209,1.6822e+07
58,0.012213,0.012213,1.6828e+07
58.1,0.012218,0.012218,1.6834e+07
58.2,0.012222,0.012222,1.6839e+07
58.3,0.012226,0.012226,1.6845e+07
58.4,0.01223,0.01223,1.6851e+07
58.5,0.012234,0.012234,1.6857e+07
58.6,0.012239,0.012239,1.6862e+07
58.7,0.012243,0.012243,1.6868e+07
58.8,0.012247,0.012247,1.6874e+07
58.9,0.012251,0.012251,1.6879e+07
59,0.012255,0.012255,1.6885e+07
59.1,0.012259,0.012259,1.6891e+07
59.2,0.012263,0.012263,1.6896e+07
59.3,0.012267,0.012267,1.6902e+07
59.4,0.012272,0.012272,1.6908e+07
59.5,0.012276,0.012276,1.6913e+07
59.6,0.01228,0.01228,1.6919e+07
59.7,0.012284,0.012284,1.6925e+07
59.8,0.012288,0.012288,1.693e+07
59.9,0.012292,0.012292,1.6936e+07
60,0.012296,0.012296,1.6941e+07
60.1,0.0123,0.0123,1.6947e+07
60.2,0.012304,0.012304,1.6953e+07
60.3,0.012308,0.012308,1.6958e+07
60.4,0.012312,0.012312,1.6964e+07
60.5,0.012316,0.012316,1.6969e+07
60.6,0.01232,0.01232,1.6975e+07
60.7,0.012324,0.012324,1.698e+07
60.8,0.012328,0.012328,1.6986e+07
60.9,0.012332,0.012332,1.6991e+07
61,0.012336,0.012336,1.6997e+07
61.1,0.01234,0.01234,1.7002e+07
61.2,0.012344,0.012344,1.7008e+07
61.3,0.012348,0.012348,1.7013e+07
61.4,0.012352,0.012352,1.7019e+07
61.5,0.012356,0.012356,1.7024e+07
61.6,0.01236,0.01236,1.703e+07
61.7,0.012364,0.012364,1.7035e+07
61.8,0.012368,0.012368,1.704e+07
61.9,0.012372,0.012372,1.7046e+07
62,0.012376,0.012376,1.7051e+07
62.1,0.01238,0.01238,1.7057e+07
62.2,0.012383,0.012383,1.7062e+07
62.3,0.012387,0.012387,1.7067e+07
62.4,0.012391,0.012391,1.7073e+07
62.5,0.012395,0.012395,1.7078e+07
62.6,0.012399,0.012399,1.7084e+07
62.7,0.012403,0.012403,1.7089e+07
62.8,0.012407,0.012407,1.7094e+07
62.9,0.012411,0.012411,1.71e+07
63,0.012415,0.012415,1.7105e+07
63.1,0.012418,0.012418,1.711e+07
63.2,0.012422,0.012422,1.7115e+07
63.3,0.012426,0.012426,1.7121e+07
63.4,0.01243,0.01243,1.7126e+07
63.5,0.012434,0.012434,1.7131e+07
63.6,0.012438,0.012438,1.7137e+07
63.7,0.012441,0.012441,1.7142e+07
63.8,0.012445,0.012445,1.7147e+07
63.9,0.012449,0.012449,1.7152e+07
64,0.012453,0.012453,1.7158e+07
64.1,0.012457,0.012457,1.7163e+07
64.2,0.01246,0.01246,1.7168e+07
64.3,0.012464,0.012464,1.7173e+07
64.4,0.012468,0.012468,1.7178e+07
64.5,0.012472,0.012472,1.7184e+07
64.6,0.012475,0.012475,1.7189e+07
64.7,0.012479,0.012479,1.7194e+07
64.8,0.012483,0.012483,1.7199e+07
64.9,0.012487,0.012487,1.7204e+07
65,0.01249,0.01249,1.7209e+07
65.1,0.012494,0.012494,1.7215e+07
65.2,0.012498,0.012498,1.722e+07
65.3,0.012502,0.012502,1.7225e+07
65.4,0.012505,0.012505,1.723e+07
65.5,0.012509,0.012509,1.7235e+07
65.6,0.012513,0.012513,1.724e+07
65.7,0.012516,0.012516,1.7245e+07
65.8,0.01252,0.01252,1.725e+07
65.9,0.012524,0.012524,1.7255e+07
66,0.012528,0.012528,1.7261e+07
66.1,0.012531,0.012531,1.7266e+07
66.2,0.012535,0.012535,1.7271e+07
66.3,0.012539,0.012539,1.7276e+07
66.4,0.012542,0.012542,1.7281e+07
66.5,0.012546,0.012546,1.7286e+07
66.6,0.012549,0.012549,1.7291e+07
66.7,0.012553,0.012553,1.7296e+07
66.8,0.012557,0.012557,1.7301e+07
66.9,0.01256,0.01256,1.7306e+07
67,0.012564,0.012564,1.7311e+07
67.1,0.012568,0.012568,1.7316e+07
67.2,0.012571,0.012571,1.7321e+07
67.3,0.012575,0.012575,1.7326e+07
67.4,0.012578,0.012578,1.7331e+07
67.5,0.012582,0.012582,1.7336e+07
67.6,0.012586,0.012586,1.7341e+07
67.7,0.012589,0.012589,1.7346e+07
67.8,0.012593,0.012593,1.735e+07
67.9,0.012596,0.012596,1.7355e+07
68,0.0126,0.0126,1.736e+07
68.1,0.012604,0.012604,1.7365e+07
68.2,0.012607,0.012607,1.737e+07
68.3,0.012611,0.012611,1.7375e+07
68.4,0.012614,0.012614,1.738e+07
68.5,0.012618,0.012618,1.7385e+07
68.6,0.012621,0.012621,1.739e+07
68.7,0.012625,0.012625,1.7395e+07
68.8,0.012628,0.012628,1.7399e+07
68.9,0.012632,0.012632,1.7404e+07
69,0.012635,0.012635,1.7409e+07
69.1,0.012639,0.012639,1.7414e+07
69.2,0.012642,0.012642,1.7419e+07
69.3,0.012646,0.012646,1.7424e+07
69.4,0.012649,0.012649,1.7428e+07
69.5,0.012653,0.012653,1.7433e+07
69.6,0.012656,0.012656,1.7438e+07
69.7,0.01266,0.01266,1.7443e+07
69.8,0.012663,0.012663,1.7448e+07
69.9,0.012667,0.012667,1.7452e+07
70,0.01267,0.01267,1.7457e+07
70.1,0.012674,0.012674,1.7462e+07
70.2,0.012677,0.012677,1.7467e+07
70.3,0.012681,0.012681,1.7471e+07
70.4,0.012684,0.012684,1.7476e+07
70.5,0.012688,0.012688,1.7481e+07
70.6,0.012691,0.012691,1.7486e+07
70.7,0.012694,0.012694,1.749e+07
70.8,0.012698,0.012698,1.7495e+07
70.9,0.012701,0.012701,1.75e+07
71,0.012705,0.012705,1.7505e+07
71.1,0.012708,0.012708,1.7509e+07
71.2,0.012711,0.012711,1.7514e+07
71.3,0.012715,0.012715,1.7519e+07
71.4,0.012718,0.012718,1.7523e+07
71.5,0.012722,0.012722,1.7528e+07
71.6,0.012725,0.012725,1.7533e+07
71.7,0.012728,0.012728,1.7537e+07
71.8,0.012732,0.012732,1.7542e+07
71.9,0.012735,0.012735,1.7547e+07
72,0.012739,0.012739,1.7551e+07
72.1,0.012742,0.012742,1.7556e+07
72.2,0.012745,0.012745,1.7561e+07
72.3,0.012749,0.012749,1.7565e+07
72.4,0.012752,0.012752,1.757e+07
72.5,0.012755,0.012755,1.7574e+07
72.6,0.012759,0.012759,1.7579e+07
72.7,0.012762,0.012762,1.7584e+07
72.8,0.012765,0.012765,1.7588e+07
72.9,0.012769,0.012769,1.7593e+07
73,0.012772,0.012772,1.7597e+07
73.1,0.012775,0.012775,1.7602e+07
73.2,0.012779,0.012779,1.7607e+07
73.3,0.012782,0.012782,1.7611e+07
73.4,0.012785,0.012785,1.7616e+07
73.5,0.012789,0.012789,1.762e+07
73.6,0.012792,0.012792,1.7625e+07
73.7,0.012795,0.012795,1.7629e+07
73.8,0.012798,0.012798,1.7634e+07
73.9,0.012802,0.012802,1.7638e+07
74,0.012805,0.012805,1.7643e+07
74.1,0.012808,0.012808,1.7647e+07
74.2,0.012812,0.012812,1.7652e+07
74.3,0.012815,0.012815,1.7656e+07
74.4,0.012818,0.012818,1.7661e+07
74.5,0.012821,0.012821,1.7665e+07
74.6,0.012825,0.012825,1.767e+07
74.7,0.012828,0.012828,1.7674e+07
74.8,0.012831,0.012831,1.7679e+07
74.9,0.012834,0.012834,1.7683e+07
75,0.012837,0.012837,1.7688e+07
75.1,0.012841,0.012841,1.7692e+07
75.2,0.012844,0.012844,1.7696e+07
75.3,0.012847,0.012847,1.7701e+07
75.4,0.01285,0.01285,1.7705e+07
75.5,0.012854,0.012854,1.771e+07
75.6,0.012857,0.012857,1.7714e+07
75.7,0.01286,0.01286,1.7719e+07
75.8,0.012863,0.012863,1.7723e+07
75.9,0.012866,0.012866,1.7727e+07
76,0.01287,0.01287,1.7732e+07
76.1,0.012873,0.012873,1.7736e+07
76.2,0.012876,0.012876,1.7741e+07
76.3,0.012879,0.012879,1.7745e+07
76.4,0.012882,0.012882,1.7749e+07
76.5,0.012885,0.012885,1.7754e+07
76.6,0.012889,0.012889,1.7758e+07
76.7,0.012892,0.012892,1.7762e+07
76.8,0.012895,0.012895,1.7767e+07
76.9,0.012898,0.012898,1.7771e+07
77,0.012901,0.012901,1.7775e+07
77.1,0.012904,0.012904,1.778e+07
77.2,0.012908,0.012908,1.7784e+07
77.3,0.012911,0.012911,1.7788e+07
77.4,0.012914,0.012914,1.7793e+07
77.5,0.012917,0.012917,1.7797e+07
77.6,0.01292,0.01292,1.7801e+07
77.7,0.012923,0.012923,1.7806e+07
77.8,0.012926,0.012926,1.781e+07
77.9,0.012929,0.012929,1.7814e+07
78,0.012932,0.012932,1.7818e+07
78.1,0.012936,0.012936,1.7823e+07
78.2,0.012939,0.012939,1.7827e+07
78.3,0.012942,0.012942,1.7831e+07
78.4,0.012945,0.012945,1.7836e+07
78.5,0.012948,0.012948,1.784e+07
78.6,0.012951,0.012951,1.7844e+07
78.7,0.012954,0.012954,1.7848e+07
78.8,0.012957,0.012957,1.7852e+07
78.9,0.01296,0.01296,1.7857e+07
79,0.012963,0.012963,1.7861e+07
79.1,0.012966,0.012966,1.7865e+07
79.2,0.012969,0.012969,1.7869e+07
79.3,0.012972,0.012972,1.7874e+07
79.4,0.012976,0.012976,1.7878e+07
79.5,0.012979,0.012979,1.7882e+07
79.6,0.012982,0.012982,1.7886e+07
79.7,0.012985,0.012985,1.789e+07
79.8,0.012988,0.012988,1.7895e+07
79.9,0.012991,0.012991,1.7899e+07
80,0.012994,0.012994,1.7903e+07
80.1,0.012997,0.012997,1.7907e+07
80.2,0.013,0.013,1.7911e+07
80.3,0.013003,0.013003,1.7915e+07
80.4,0.013006,0.013006,1.792e+07
80.5,0.013009,0.013009,1.7924e+07
80.6,0.013012,0.013012,1.7928e+07
80.7,0.013015,0.013015,1.7932e+07
80.8,0.013018,0.013018,1.7936e+07
80.9,0.013021,0.013021,1.794e+07
81,0.013024,0.013024,1.7944e+07
81.1,0.013027,0.013027,1.7948e+07
81.2,0.01303,0.01303,1.7953e+07
81.3,0.013033,0.013033,1.7957e+07
81.4,0.013036,0.013036,1.7961e+07
81.5,0.013039,0.013039,1.7965e+07
81.6,0.013042,0.013042,1.7969e+07
81.7,0.013045,0.013045,1.7973e+07
81.8,0.013048,0.013048,1.7977e+07
81.9,0.013051,0.013051,1.7981e+07
82,0.013053,0.013053,1.7985e+07
82.1,0.013056,0.013056,1.7989e+07
82.2,0.013059,0.013059,1.7993e+07
82.3,0.013062,0.013062,1.7997e+07
82.4,0.013065,0.013065,1.8001e+07
82.5,0.013068,0.013068,1.8005e+07
82.6,0.013071,0.013071,1.801e+07
82.7,0.013074,0.013074,1.8014e+07
82.8,0.013077,0.013077,1.8018e+07
82.9,0.01308,0.01308,1.8022e+07
83,0.013083,0.013083,1.8026e+07
83.1,0.013086,0.013086,1.803e+07
83.2,0.013089,0.013089,1.8034e+07
83.3,0.013092,0.013092,1.8038e+07
83.4,0.013094,0.013094,1.8042e+07
83.5,0.013097,0.013097,1.8046e+07
83.6,0.0131,0.0131,1.805e+07
83.7,0.013103,0.013103,1.8054e+07
83.8,0.013106,0.013106,1.8058e+07
83.9,0.013109,0.013109,1.8062e+07
84,0.013112,0.013112,1.8066e+07
84.1,0.013115,0.013115,1.8069e+07
84.2,0.013118,0.013118,1.8073e+07
84.3,0.01312,0.01312,1.8077e+07
84.4,0.013123,0.013123,1.8081e+07
84.5,0.013126,0.013126,1.8085e+07
84.6,0.013129,0.013129,1.8089e+07
84.7,0.013132,0.013132,1.8093e+07
84.8,0.013135,0.013135,1.8097e+07
84.9,0.013138,0.013138,1.8101e+07
85,0.01314,0.01314,1.8105e+07
85.1,0.013143,0.013143,1.8109e+07
85.2,0.013146,0.013146,1.8113e+07
85.3,0.013149,0.013149,1.8117e+07
85.4,0.013152,0.013152,1.8121e+07
85.5,0.013155,0.013155,1.8125e+07
85.6,0.013157,0.013157,1.8128e+07
85.7,0.01316,0.01316,1.8132e+07
85.8,0.013163,0.013163,1.8136e+07
85.9,0.013166,0.013166,1.814e+07
86,0.013169,0.013169,1.8144e+07
86.1,0.013171,0.013171,1.8148e+07
86.2,0.013174,0.013174,1.8152e+07
86.3,0.013177,0.013177,1.8156e+07
86.4,0.01318,0.01318,1.8159e+07
86.5,0.013183,0.013183,1.8163e+07
86.6,0.013185,0.013185,1.8167e+07
86.7,0.013188,0.013188,1.8171e+07
86.8,0.013191,0.013191,1.8175e+07
86.9,0.013194,0.013194,1.8179e+07
87,0.013197,0.013197,1.8182e+07
87.1,0.013199,0.013199,1.8186e+07
87.2,0.013202,0.013202,1.819e+07
87.3,0.013205,0.013205,1.8194e+07
87.4,0.013208,0.013208,1.8198e+07
87.5,0.01321,0.01321,1.8202e+07
87.6,0.013213,0.013213,1.8205e+07
87.7,0.013216,0.013216,1.8209e+07
87.8,0.013219,0.013219,1.8213e+07
87.9,0.013222,0.013222,1.8217e+07
88,0.013224,0.013224,1.822e+07
88.1,0.013227,0.013227,1.8224e+07
88.2,0.01323,0.01323,1.8228e+07
88.3,0.013232,0.013232,1.8232e+07
88.4,0.013235,0.013235,1.8236e+07
88.5,0.013238,0.013238,1.8239e+07
88.6,0.013241,0.013241,1.8243e+07
88.7,0.013243,0.013243,1.8247e+07
88.8,0.013246,0.013246,1.8251e+07
88.9,0.013249,0.013249,1.8254e+07
89,0.013252,0.013252,1.8258e+07
89.1,0.013254,0.013254,1.8262e+07
89.2,0.013257,0.013257,1.8266e+07
89.3,0.01326,0.01326,1.8269e+07
89.4,0.013262,0.013262,1.8273e+07
89.5,0.013265,0.013265,1.8277e+07
89.6,0.013268,0.013268,1.828e+07
89.7,0.013271,0.013271,1.8284e+07
89.8,0.013273,0.013273,1.8288e+07
89.9,0.013276,0.013276,1.8292e+07
90,0.013279,0.013279,1.8295e+07
90.1,0.013281,0.013281,1.8299e+07
90.2,0.013284,0.013284,1.8303e+07
90.3,0.013287,0.013287,1.8306e+07
90.4,0.013289,0.013289,1.831e+07
90.5,0.013292,0.013292,1.8314e+07
90.6,0.013295,0.013295,1.8317e+07
90.7,0.013297,0.013297,1.8321e+07
90.8,0.0133,0.0133,1.8325e+07
90.9,0.013303,0.013303,1.8328e+07
91,0.013305,0.013305,1.8332e+07
91.1,0.013308,0.013308,1.8336e+07
91.2,0.013311,0.013311,1.8339e+07
91.3,0.013313,0.013313,1.8343e+07
91.4,0.013316,0.013316,1.8347e+07
91.5,0.013319,0.013319,1.835e+07
91.6,0.013321,0.013321,1.8354e+07
91.7,0.013324,0.013324,1.8358e+07
91.8,0.013326,0.013326,1.8361e+07
91.9,0.013329,0.013329,1.8365e+07
92,0.013332,0.013332,1.8368e+07
92.1,0.013334,0.013334,1.8372e+07
92.2,0.013337,0.013337,1.8376e+07
92.3,0.01334,0.01334,1.8379e+07
92.4,0.013342,0.013342,1.8383e+07
92.5,0.013345,0.013345,1.8387e+07
92.6,0.013347,0.013347,1.839e+07
92.7,0.01335,0.01335,1.8394e+07
92.8,0.013353,0.013353,1.8397e+07
92.9,0.013355,0.013355,1.8401e+07
93,0.013358,0.013358,1.8404e+07
93.1,0.01336,0.01336,1.8408e+07
93.2,0.013363,0.013363,1.8412e+07
93.3,0.013366,0.013366,1.8415e+07
93.4,0.013368,0.013368,1.8419e+07
93.5,0.013371,0.013371,1.8422e+07
93.6,0.013373,0.013373,1.8426e+07
93.7,0.013376,0.013376,1.8429e+07
93.8,0.013378,0.013378,1.8433e+07
93.9,0.013381,0.013381,1.8437e+07
94,0.013384,0.013384,1.844e+07
94.1,0.013386,0.013386,1.8444e+07
94.2,0.013389,0.013389,1.8447e+07
94.3,0.013391,0.013391,1.8451e+07
94.4,0.013394,0.013394,1.8454e+07
94.5,0.013396,0.013396,1.8458e+07
94.6,0.013399,0.013399,1.8461e+07
94.7,0.013402,0.013402,1.8465e+07
94.8,0.013404,0.013404,1.8468e+07
94.9,0.013407,0.013407,1.8472e+07
95,0.013409,0.013409,1.8475e+07
95.1,0.013412,0.013412,1.8479e+07
95.2,0.013414,0.013414,1.8482e+07
95.3,0.013417,0.013417,1.8486e+07
95.4,0.013419,0.013419,1.8489e+07
95.5,0.013422,0.013422,1.8493e+07
95.6,0.013424,0.013424,1.8496e+07
95.7,0.013427,0.013427,1.85e+07
95.8,0.013429,0.013429,1.8503e+07
95.9,0.013432,0.013432,1.8507e+07
96,0.013434,0.013434,1.851e+07
96.1,0.013437,0.013437,1.8514e+07
96.2,0.013439,0.013439,1.8517e+07
96.3,0.013442,0.013442,1.852e+07
96.4,0.013444,0.013444,1.8524e+07
96.5,0.013447,0.013447,1.8527e+07
96.6,0.01345,0.01345,1.8531e+07
96.7,0.013452,0.013452,1.8534e+07
96.8,0.013454,0.013454,1.8538e+07
96.9,0.013457,0.013457,1.8541e+07
97,0.013459,0.013459,1.8545e+07
97.1,0.013462,0.013462,1.8548e+07
97.2,0.013464,0.013464,1.8551e+07
97.3,0.013467,0.013467,1.8555e+07
97.4,0.013469,0.013469,1.8558e+07
97.5,0.013472,0.013472,1.8562e+07
97.6,0.013474,0.013474,1.8565e+07
97.7,0.013477,0.013477,1.8568e+07
97.8,0.013479,0.013479,1.8572e+07
97.9,0.013482,0.013482,1.8575e+07
98,0.013484,0.013484,1.8579e+07
98.1,0.013487,0.013487,1.8582e+07
98.2,0.013489,0.013489,1.8585e+07
98.3,0.013492,0.013492,1.8589e+07
98.4,0.013494,0.013494,1.8592e+07
98.5,0.013497,0.013497,1.8596e+07
98.6,0.013499,0.013499,1.8599e+07
98.7,0.013501,0.013501,1.8602e+07
98.8,0.013504,0.013504,1.8606e+07
98.9,0.013506,0.013506,1.8609e+07
99,0.013509,0.013509,1.8612e+07
99.1,0.013511,0.013511,1.8616e+07
99.2,0.013514,0.013514,1.8619e+07
99.3,0.013516,0.013516,1.8623e+07
99.4,0.013518,0.013518,1.8626e+07
99.5,0.013521,0.013521,1.8629e+07
99.6,0.013523,0.013523,1.8633e+07
99.7,0.013526,0.013526,1.8636e+07
99.8,0.013528,0.013528,1.8639e+07
99.9,0.013531,0.013531,1.8643e+07
100,0.013533,0.013533,1.8646e+07
